SPAM DATASET ANALYSIS REPORT
==================================================

Dataset Shape: (4601, 58)
Features: 57
Target Classes: [1, 0]

Target Distribution:
  Class 0: 2788 (60.6%)
  Class 1: 1813 (39.4%)

Data Quality:
  Null values: 0
  Duplicates: 391
  Memory usage: 2.04 MB

Feature Statistics:
       word_freq_make  word_freq_address  word_freq_all  word_freq_3d  word_freq_our  word_freq_over  word_freq_remove  word_freq_internet  word_freq_order  word_freq_mail  word_freq_receive  word_freq_will  word_freq_people  word_freq_report  word_freq_addresses  word_freq_free  word_freq_business  word_freq_email  word_freq_you  word_freq_credit  word_freq_your  word_freq_font  word_freq_000  word_freq_money  word_freq_hp  word_freq_hpl  word_freq_george  word_freq_650  word_freq_lab  word_freq_labs  word_freq_telnet  word_freq_857  word_freq_data  word_freq_415  word_freq_85  word_freq_technology  word_freq_1999  word_freq_parts  word_freq_pm  word_freq_direct  word_freq_cs  word_freq_meeting  word_freq_original  word_freq_project  word_freq_re  word_freq_edu  word_freq_table  word_freq_conference  char_freq_;  char_freq_(  char_freq_[  char_freq_!  char_freq_$  char_freq_#  capital_run_length_average  capital_run_length_longest  capital_run_length_total
count     4601.000000        4601.000000    4601.000000   4601.000000    4601.000000     4601.000000       4601.000000         4601.000000      4601.000000     4601.000000        4601.000000     4601.000000       4601.000000       4601.000000          4601.000000     4601.000000         4601.000000      4601.000000    4601.000000       4601.000000     4601.000000     4601.000000    4601.000000      4601.000000   4601.000000    4601.000000       4601.000000    4601.000000    4601.000000     4601.000000       4601.000000    4601.000000     4601.000000    4601.000000   4601.000000           4601.000000     4601.000000      4601.000000   4601.000000       4601.000000   4601.000000        4601.000000         4601.000000        4601.000000   4601.000000    4601.000000      4601.000000           4601.000000  4601.000000  4601.000000  4601.000000  4601.000000  4601.000000  4601.000000                 4601.000000                 4601.000000               4601.000000
mean         0.104553           0.213015       0.280656      0.065425       0.312223        0.095901          0.114208            0.105295         0.090067        0.239413           0.059824        0.541702          0.093930          0.058626             0.049205        0.248848            0.142586         0.184745       1.662100          0.085577        0.809761        0.121202       0.101645         0.094269      0.549504       0.265384          0.767305       0.124845       0.098915        0.102852          0.064753       0.047048        0.097229       0.047835      0.105412              0.097477        0.136953         0.013201      0.078629          0.064834      0.043667           0.132339            0.046099           0.079196      0.301224       0.179824         0.005444              0.031869     0.038575     0.139030     0.016976     0.269071     0.075811     0.044238                    5.191515                   52.172789                283.289285
std          0.305358           1.290575       0.504143      1.395151       0.672513        0.273824          0.391441            0.401071         0.278616        0.644755           0.201545        0.861698          0.301036          0.335184             0.258843        0.825792            0.444055         0.531122       1.775481          0.509767        1.200810        1.025756       0.350286         0.442636      1.671349       0.886955          3.367292       0.538576       0.593327        0.456682          0.403393       0.328559        0.555907       0.329445      0.532260              0.402623        0.423451         0.220651      0.434672          0.349916      0.361205           0.766819            0.223812           0.621976      1.011687       0.911119         0.076274              0.285735     0.243471     0.270355     0.109394     0.815672     0.245882     0.429342                   31.729449                  194.891310                606.347851
min          0.000000           0.000000       0.000000      0.000000       0.000000        0.000000          0.000000            0.000000         0.000000        0.000000           0.000000        0.000000          0.000000          0.000000             0.000000        0.000000            0.000000         0.000000       0.000000          0.000000        0.000000        0.000000       0.000000         0.000000      0.000000       0.000000          0.000000       0.000000       0.000000        0.000000          0.000000       0.000000        0.000000       0.000000      0.000000              0.000000        0.000000         0.000000      0.000000          0.000000      0.000000           0.000000            0.000000           0.000000      0.000000       0.000000         0.000000              0.000000     0.000000     0.000000     0.000000     0.000000     0.000000     0.000000                    1.000000                    1.000000                  1.000000
25%          0.000000           0.000000       0.000000      0.000000       0.000000        0.000000          0.000000            0.000000         0.000000        0.000000           0.000000        0.000000          0.000000          0.000000             0.000000        0.000000            0.000000         0.000000       0.000000          0.000000        0.000000        0.000000       0.000000         0.000000      0.000000       0.000000          0.000000       0.000000       0.000000        0.000000          0.000000       0.000000        0.000000       0.000000      0.000000              0.000000        0.000000         0.000000      0.000000          0.000000      0.000000           0.000000            0.000000           0.000000      0.000000       0.000000         0.000000              0.000000     0.000000     0.000000     0.000000     0.000000     0.000000     0.000000                    1.588000                    6.000000                 35.000000
50%          0.000000           0.000000       0.000000      0.000000       0.000000        0.000000          0.000000            0.000000         0.000000        0.000000           0.000000        0.100000          0.000000          0.000000             0.000000        0.000000            0.000000         0.000000       1.310000          0.000000        0.220000        0.000000       0.000000         0.000000      0.000000       0.000000          0.000000       0.000000       0.000000        0.000000          0.000000       0.000000        0.000000       0.000000      0.000000              0.000000        0.000000         0.000000      0.000000          0.000000      0.000000           0.000000            0.000000           0.000000      0.000000       0.000000         0.000000              0.000000     0.000000     0.065000     0.000000     0.000000     0.000000     0.000000                    2.276000                   15.000000                 95.000000
75%          0.000000           0.000000       0.420000      0.000000       0.380000        0.000000          0.000000            0.000000         0.000000        0.160000           0.000000        0.800000          0.000000          0.000000             0.000000        0.100000            0.000000         0.000000       2.640000          0.000000        1.270000        0.000000       0.000000         0.000000      0.000000       0.000000          0.000000       0.000000       0.000000        0.000000          0.000000       0.000000        0.000000       0.000000      0.000000              0.000000        0.000000         0.000000      0.000000          0.000000      0.000000           0.000000            0.000000           0.000000      0.110000       0.000000         0.000000              0.000000     0.000000     0.188000     0.000000     0.315000     0.052000     0.000000                    3.706000                   43.000000                266.000000
max          4.540000          14.280000       5.100000     42.810000      10.000000        5.880000          7.270000           11.110000         5.260000       18.180000           2.610000        9.670000          5.550000         10.000000             4.410000       20.000000            7.140000         9.090000      18.750000         18.180000       11.110000       17.100000       5.450000        12.500000     20.830000      16.660000         33.330000       9.090000      14.280000        5.880000         12.500000       4.760000       18.180000       4.760000     20.000000              7.690000        6.890000         8.330000     11.110000          4.760000      7.140000          14.280000            3.570000          20.000000     21.420000      22.050000         2.170000             10.000000     4.385000     9.752000     4.081000    32.478000     6.003000    19.829000                 1102.500000                 9989.000000              15841.000000

